[
  {
    "id": 0,
    "img_name": "camera_0001",
    "width": 2560,
    "height": 1920,
    "position": [
      0.006549719716200617,
      0.0014839839364996026,
      0.4200170438367057
    ],
    "rotation": [
      [
        0.9990526968120931,
        -0.03418075366964714,
        -0.026932973676494557
      ],
      [
        0.033404602347304045,
        0.9990280452619096,
        -0.02875929975132062
      ],
      [
        0.027889810585630257,
        0.027832370699290516,
        0.9992234572940902
      ]
    ],
    "fy": 668.155076089281,
    "fx": 668.1550760892809
  },
  {
    "id": 1,
    "img_name": "camera_0001",
    "width": 2560,
    "height": 1920,
    "position": [
      0.006549719716200617,
      0.0014839839364996026,
      0.4200170438367057
    ],
    "rotation": [
      [
        0.9990526968120931,
        -0.03418075366964714,
        -0.026932973676494557
      ],
      [
        0.033404602347304045,
        0.9990280452619096,
        -0.02875929975132062
      ],
      [
        0.027889810585630257,
        0.027832370699290516,
        0.9992234572940902
      ]
    ],
    "fy": 668.155076089281,
    "fx": 668.1550760892809
  },
  {
    "id": 2,
    "img_name": "camera_0001",
    "width": 2560,
    "height": 1920,
    "position": [
      0.006549719716200617,
      0.0014839839364996026,
      0.4200170438367057
    ],
    "rotation": [
      [
        0.9990526968120931,
        -0.03418075366964714,
        -0.026932973676494557
      ],
      [
        0.033404602347304045,
        0.9990280452619096,
        -0.02875929975132062
      ],
      [
        0.027889810585630257,
        0.027832370699290516,
        0.9992234572940902
      ]
    ],
    "fy": 668.155076089281,
    "fx": 668.1550760892809
  },
  {
    "id": 3,
    "img_name": "camera_0001",
    "width": 2560,
    "height": 1920,
    "position": [
      0.006549719716200617,
      0.0014839839364996026,
      0.4200170438367057
    ],
    "rotation": [
      [
        0.9990526968120931,
        -0.03418075366964714,
        -0.026932973676494557
      ],
      [
        0.033404602347304045,
        0.9990280452619096,
        -0.02875929975132062
      ],
      [
        0.027889810585630257,
        0.027832370699290516,
        0.9992234572940902
      ]
    ],
    "fy": 668.155076089281,
    "fx": 668.1550760892809
  },
  {
    "id": 4,
    "img_name": "camera_0001",
    "width": 2560,
    "height": 1920,
    "position": [
      0.006549719716200617,
      0.0014839839364996026,
      0.4200170438367057
    ],
    "rotation": [
      [
        0.9990526968120931,
        -0.03418075366964714,
        -0.026932973676494557
      ],
      [
        0.033404602347304045,
        0.9990280452619096,
        -0.02875929975132062
      ],
      [
        0.027889810585630257,
        0.027832370699290516,
        0.9992234572940902
      ]
    ],
    "fy": 668.155076089281,
    "fx": 668.1550760892809
  },
  {
    "id": 5,
    "img_name": "camera_0001",
    "width": 2560,
    "height": 1920,
    "position": [
      0.006549719716200617,
      0.0014839839364996026,
      0.4200170438367057
    ],
    "rotation": [
      [
        0.9990526968120931,
        -0.03418075366964714,
        -0.026932973676494557
      ],
      [
        0.033404602347304045,
        0.9990280452619096,
        -0.02875929975132062
      ],
      [
        0.027889810585630257,
        0.027832370699290516,
        0.9992234572940902
      ]
    ],
    "fy": 668.155076089281,
    "fx": 668.1550760892809
  },
  {
    "id": 6,
    "img_name": "camera_0001",
    "width": 2560,
    "height": 1920,
    "position": [
      0.006549719716200617,
      0.0014839839364996026,
      0.4200170438367057
    ],
    "rotation": [
      [
        0.9990526968120931,
        -0.03418075366964714,
        -0.026932973676494557
      ],
      [
        0.033404602347304045,
        0.9990280452619096,
        -0.02875929975132062
      ],
      [
        0.027889810585630257,
        0.027832370699290516,
        0.9992234572940902
      ]
    ],
    "fy": 668.155076089281,
    "fx": 668.1550760892809
  },
  {
    "id": 7,
    "img_name": "camera_0001",
    "width": 2560,
    "height": 1920,
    "position": [
      0.006549719716200617,
      0.0014839839364996026,
      0.4200170438367057
    ],
    "rotation": [
      [
        0.9990526968120931,
        -0.03418075366964714,
        -0.026932973676494557
      ],
      [
        0.033404602347304045,
        0.9990280452619096,
        -0.02875929975132062
      ],
      [
        0.027889810585630257,
        0.027832370699290516,
        0.9992234572940902
      ]
    ],
    "fy": 668.155076089281,
    "fx": 668.1550760892809
  },
  {
    "id": 8,
    "img_name": "camera_0001",
    "width": 2560,
    "height": 1920,
    "position": [
      0.006549719716200617,
      0.0014839839364996026,
      0.4200170438367057
    ],
    "rotation": [
      [
        0.9990526968120931,
        -0.03418075366964714,
        -0.026932973676494557
      ],
      [
        0.033404602347304045,
        0.9990280452619096,
        -0.02875929975132062
      ],
      [
        0.027889810585630257,
        0.027832370699290516,
        0.9992234572940902
      ]
    ],
    "fy": 668.155076089281,
    "fx": 668.1550760892809
  },
  {
    "id": 9,
    "img_name": "camera_0001",
    "width": 2560,
    "height": 1920,
    "position": [
      0.006549719716200617,
      0.0014839839364996026,
      0.4200170438367057
    ],
    "rotation": [
      [
        0.9990526968120931,
        -0.03418075366964714,
        -0.026932973676494557
      ],
      [
        0.033404602347304045,
        0.9990280452619096,
        -0.02875929975132062
      ],
      [
        0.027889810585630257,
        0.027832370699290516,
        0.9992234572940902
      ]
    ],
    "fy": 668.155076089281,
    "fx": 668.1550760892809
  },
  {
    "id": 10,
    "img_name": "camera_0001",
    "width": 2560,
    "height": 1920,
    "position": [
      0.006549719716200617,
      0.0014839839364996026,
      0.4200170438367057
    ],
    "rotation": [
      [
        0.9990526968120931,
        -0.03418075366964714,
        -0.026932973676494557
      ],
      [
        0.033404602347304045,
        0.9990280452619096,
        -0.02875929975132062
      ],
      [
        0.027889810585630257,
        0.027832370699290516,
        0.9992234572940902
      ]
    ],
    "fy": 668.155076089281,
    "fx": 668.1550760892809
  },
  {
    "id": 11,
    "img_name": "camera_0001",
    "width": 2560,
    "height": 1920,
    "position": [
      0.006549719716200617,
      0.0014839839364996026,
      0.4200170438367057
    ],
    "rotation": [
      [
        0.9990526968120931,
        -0.03418075366964714,
        -0.026932973676494557
      ],
      [
        0.033404602347304045,
        0.9990280452619096,
        -0.02875929975132062
      ],
      [
        0.027889810585630257,
        0.027832370699290516,
        0.9992234572940902
      ]
    ],
    "fy": 668.155076089281,
    "fx": 668.1550760892809
  },
  {
    "id": 12,
    "img_name": "camera_0001",
    "width": 2560,
    "height": 1920,
    "position": [
      0.006549719716200617,
      0.0014839839364996026,
      0.4200170438367057
    ],
    "rotation": [
      [
        0.9990526968120931,
        -0.03418075366964714,
        -0.026932973676494557
      ],
      [
        0.033404602347304045,
        0.9990280452619096,
        -0.02875929975132062
      ],
      [
        0.027889810585630257,
        0.027832370699290516,
        0.9992234572940902
      ]
    ],
    "fy": 668.155076089281,
    "fx": 668.1550760892809
  },
  {
    "id": 13,
    "img_name": "camera_0001",
    "width": 2560,
    "height": 1920,
    "position": [
      0.006549719716200617,
      0.0014839839364996026,
      0.4200170438367057
    ],
    "rotation": [
      [
        0.9990526968120931,
        -0.03418075366964714,
        -0.026932973676494557
      ],
      [
        0.033404602347304045,
        0.9990280452619096,
        -0.02875929975132062
      ],
      [
        0.027889810585630257,
        0.027832370699290516,
        0.9992234572940902
      ]
    ],
    "fy": 668.155076089281,
    "fx": 668.1550760892809
  },
  {
    "id": 14,
    "img_name": "camera_0001",
    "width": 2560,
    "height": 1920,
    "position": [
      0.006549719716200617,
      0.0014839839364996026,
      0.4200170438367057
    ],
    "rotation": [
      [
        0.9990526968120931,
        -0.03418075366964714,
        -0.026932973676494557
      ],
      [
        0.033404602347304045,
        0.9990280452619096,
        -0.02875929975132062
      ],
      [
        0.027889810585630257,
        0.027832370699290516,
        0.9992234572940902
      ]
    ],
    "fy": 668.155076089281,
    "fx": 668.1550760892809
  },
  {
    "id": 15,
    "img_name": "camera_0001",
    "width": 2560,
    "height": 1920,
    "position": [
      0.006549719716200617,
      0.0014839839364996026,
      0.4200170438367057
    ],
    "rotation": [
      [
        0.9990526968120931,
        -0.03418075366964714,
        -0.026932973676494557
      ],
      [
        0.033404602347304045,
        0.9990280452619096,
        -0.02875929975132062
      ],
      [
        0.027889810585630257,
        0.027832370699290516,
        0.9992234572940902
      ]
    ],
    "fy": 668.155076089281,
    "fx": 668.1550760892809
  },
  {
    "id": 16,
    "img_name": "camera_0001",
    "width": 2560,
    "height": 1920,
    "position": [
      0.006549719716200617,
      0.0014839839364996026,
      0.4200170438367057
    ],
    "rotation": [
      [
        0.9990526968120931,
        -0.03418075366964714,
        -0.026932973676494557
      ],
      [
        0.033404602347304045,
        0.9990280452619096,
        -0.02875929975132062
      ],
      [
        0.027889810585630257,
        0.027832370699290516,
        0.9992234572940902
      ]
    ],
    "fy": 668.155076089281,
    "fx": 668.1550760892809
  },
  {
    "id": 17,
    "img_name": "camera_0001",
    "width": 2560,
    "height": 1920,
    "position": [
      0.006549719716200617,
      0.0014839839364996026,
      0.4200170438367057
    ],
    "rotation": [
      [
        0.9990526968120931,
        -0.03418075366964714,
        -0.026932973676494557
      ],
      [
        0.033404602347304045,
        0.9990280452619096,
        -0.02875929975132062
      ],
      [
        0.027889810585630257,
        0.027832370699290516,
        0.9992234572940902
      ]
    ],
    "fy": 668.155076089281,
    "fx": 668.1550760892809
  },
  {
    "id": 18,
    "img_name": "camera_0001",
    "width": 2560,
    "height": 1920,
    "position": [
      0.006549719716200617,
      0.0014839839364996026,
      0.4200170438367057
    ],
    "rotation": [
      [
        0.9990526968120931,
        -0.03418075366964714,
        -0.026932973676494557
      ],
      [
        0.033404602347304045,
        0.9990280452619096,
        -0.02875929975132062
      ],
      [
        0.027889810585630257,
        0.027832370699290516,
        0.9992234572940902
      ]
    ],
    "fy": 668.155076089281,
    "fx": 668.1550760892809
  },
  {
    "id": 19,
    "img_name": "camera_0001",
    "width": 2560,
    "height": 1920,
    "position": [
      0.006549719716200617,
      0.0014839839364996026,
      0.4200170438367057
    ],
    "rotation": [
      [
        0.9990526968120931,
        -0.03418075366964714,
        -0.026932973676494557
      ],
      [
        0.033404602347304045,
        0.9990280452619096,
        -0.02875929975132062
      ],
      [
        0.027889810585630257,
        0.027832370699290516,
        0.9992234572940902
      ]
    ],
    "fy": 668.155076089281,
    "fx": 668.1550760892809
  },
  {
    "id": 20,
    "img_name": "camera_0001",
    "width": 2560,
    "height": 1920,
    "position": [
      0.006549719716200617,
      0.0014839839364996026,
      0.4200170438367057
    ],
    "rotation": [
      [
        0.9990526968120931,
        -0.03418075366964714,
        -0.026932973676494557
      ],
      [
        0.033404602347304045,
        0.9990280452619096,
        -0.02875929975132062
      ],
      [
        0.027889810585630257,
        0.027832370699290516,
        0.9992234572940902
      ]
    ],
    "fy": 668.155076089281,
    "fx": 668.1550760892809
  },
  {
    "id": 21,
    "img_name": "camera_0001",
    "width": 2560,
    "height": 1920,
    "position": [
      0.006549719716200617,
      0.0014839839364996026,
      0.4200170438367057
    ],
    "rotation": [
      [
        0.9990526968120931,
        -0.03418075366964714,
        -0.026932973676494557
      ],
      [
        0.033404602347304045,
        0.9990280452619096,
        -0.02875929975132062
      ],
      [
        0.027889810585630257,
        0.027832370699290516,
        0.9992234572940902
      ]
    ],
    "fy": 668.155076089281,
    "fx": 668.1550760892809
  },
  {
    "id": 22,
    "img_name": "camera_0001",
    "width": 2560,
    "height": 1920,
    "position": [
      0.006549719716200617,
      0.0014839839364996026,
      0.4200170438367057
    ],
    "rotation": [
      [
        0.9990526968120931,
        -0.03418075366964714,
        -0.026932973676494557
      ],
      [
        0.033404602347304045,
        0.9990280452619096,
        -0.02875929975132062
      ],
      [
        0.027889810585630257,
        0.027832370699290516,
        0.9992234572940902
      ]
    ],
    "fy": 668.155076089281,
    "fx": 668.1550760892809
  },
  {
    "id": 23,
    "img_name": "camera_0001",
    "width": 2560,
    "height": 1920,
    "position": [
      0.006549719716200617,
      0.0014839839364996026,
      0.4200170438367057
    ],
    "rotation": [
      [
        0.9990526968120931,
        -0.03418075366964714,
        -0.026932973676494557
      ],
      [
        0.033404602347304045,
        0.9990280452619096,
        -0.02875929975132062
      ],
      [
        0.027889810585630257,
        0.027832370699290516,
        0.9992234572940902
      ]
    ],
    "fy": 668.155076089281,
    "fx": 668.1550760892809
  },
  {
    "id": 24,
    "img_name": "camera_0001",
    "width": 2560,
    "height": 1920,
    "position": [
      0.006549719716200617,
      0.0014839839364996026,
      0.4200170438367057
    ],
    "rotation": [
      [
        0.9990526968120931,
        -0.03418075366964714,
        -0.026932973676494557
      ],
      [
        0.033404602347304045,
        0.9990280452619096,
        -0.02875929975132062
      ],
      [
        0.027889810585630257,
        0.027832370699290516,
        0.9992234572940902
      ]
    ],
    "fy": 668.155076089281,
    "fx": 668.1550760892809
  },
  {
    "id": 25,
    "img_name": "camera_0001",
    "width": 2560,
    "height": 1920,
    "position": [
      0.006549719716200617,
      0.0014839839364996026,
      0.4200170438367057
    ],
    "rotation": [
      [
        0.9990526968120931,
        -0.03418075366964714,
        -0.026932973676494557
      ],
      [
        0.033404602347304045,
        0.9990280452619096,
        -0.02875929975132062
      ],
      [
        0.027889810585630257,
        0.027832370699290516,
        0.9992234572940902
      ]
    ],
    "fy": 668.155076089281,
    "fx": 668.1550760892809
  },
  {
    "id": 26,
    "img_name": "camera_0001",
    "width": 2560,
    "height": 1920,
    "position": [
      0.006549719716200617,
      0.0014839839364996026,
      0.4200170438367057
    ],
    "rotation": [
      [
        0.9990526968120931,
        -0.03418075366964714,
        -0.026932973676494557
      ],
      [
        0.033404602347304045,
        0.9990280452619096,
        -0.02875929975132062
      ],
      [
        0.027889810585630257,
        0.027832370699290516,
        0.9992234572940902
      ]
    ],
    "fy": 668.155076089281,
    "fx": 668.1550760892809
  },
  {
    "id": 27,
    "img_name": "camera_0001",
    "width": 2560,
    "height": 1920,
    "position": [
      0.006549719716200617,
      0.0014839839364996026,
      0.4200170438367057
    ],
    "rotation": [
      [
        0.9990526968120931,
        -0.03418075366964714,
        -0.026932973676494557
      ],
      [
        0.033404602347304045,
        0.9990280452619096,
        -0.02875929975132062
      ],
      [
        0.027889810585630257,
        0.027832370699290516,
        0.9992234572940902
      ]
    ],
    "fy": 668.155076089281,
    "fx": 668.1550760892809
  },
  {
    "id": 28,
    "img_name": "camera_0001",
    "width": 2560,
    "height": 1920,
    "position": [
      0.006549719716200617,
      0.0014839839364996026,
      0.4200170438367057
    ],
    "rotation": [
      [
        0.9990526968120931,
        -0.03418075366964714,
        -0.026932973676494557
      ],
      [
        0.033404602347304045,
        0.9990280452619096,
        -0.02875929975132062
      ],
      [
        0.027889810585630257,
        0.027832370699290516,
        0.9992234572940902
      ]
    ],
    "fy": 668.155076089281,
    "fx": 668.1550760892809
  },
  {
    "id": 29,
    "img_name": "camera_0001",
    "width": 2560,
    "height": 1920,
    "position": [
      0.006549719716200617,
      0.0014839839364996026,
      0.4200170438367057
    ],
    "rotation": [
      [
        0.9990526968120931,
        -0.03418075366964714,
        -0.026932973676494557
      ],
      [
        0.033404602347304045,
        0.9990280452619096,
        -0.02875929975132062
      ],
      [
        0.027889810585630257,
        0.027832370699290516,
        0.9992234572940902
      ]
    ],
    "fy": 668.155076089281,
    "fx": 668.1550760892809
  },
  {
    "id": 30,
    "img_name": "camera_0001",
    "width": 2560,
    "height": 1920,
    "position": [
      0.006549719716200617,
      0.0014839839364996026,
      0.4200170438367057
    ],
    "rotation": [
      [
        0.9990526968120931,
        -0.03418075366964714,
        -0.026932973676494557
      ],
      [
        0.033404602347304045,
        0.9990280452619096,
        -0.02875929975132062
      ],
      [
        0.027889810585630257,
        0.027832370699290516,
        0.9992234572940902
      ]
    ],
    "fy": 668.155076089281,
    "fx": 668.1550760892809
  },
  {
    "id": 31,
    "img_name": "camera_0001",
    "width": 2560,
    "height": 1920,
    "position": [
      0.006549719716200617,
      0.0014839839364996026,
      0.4200170438367057
    ],
    "rotation": [
      [
        0.9990526968120931,
        -0.03418075366964714,
        -0.026932973676494557
      ],
      [
        0.033404602347304045,
        0.9990280452619096,
        -0.02875929975132062
      ],
      [
        0.027889810585630257,
        0.027832370699290516,
        0.9992234572940902
      ]
    ],
    "fy": 668.155076089281,
    "fx": 668.1550760892809
  },
  {
    "id": 32,
    "img_name": "camera_0001",
    "width": 2560,
    "height": 1920,
    "position": [
      0.006549719716200617,
      0.0014839839364996026,
      0.4200170438367057
    ],
    "rotation": [
      [
        0.9990526968120931,
        -0.03418075366964714,
        -0.026932973676494557
      ],
      [
        0.033404602347304045,
        0.9990280452619096,
        -0.02875929975132062
      ],
      [
        0.027889810585630257,
        0.027832370699290516,
        0.9992234572940902
      ]
    ],
    "fy": 668.155076089281,
    "fx": 668.1550760892809
  },
  {
    "id": 33,
    "img_name": "camera_0001",
    "width": 2560,
    "height": 1920,
    "position": [
      0.006549719716200617,
      0.0014839839364996026,
      0.4200170438367057
    ],
    "rotation": [
      [
        0.9990526968120931,
        -0.03418075366964714,
        -0.026932973676494557
      ],
      [
        0.033404602347304045,
        0.9990280452619096,
        -0.02875929975132062
      ],
      [
        0.027889810585630257,
        0.027832370699290516,
        0.9992234572940902
      ]
    ],
    "fy": 668.155076089281,
    "fx": 668.1550760892809
  },
  {
    "id": 34,
    "img_name": "camera_0001",
    "width": 2560,
    "height": 1920,
    "position": [
      0.006549719716200617,
      0.0014839839364996026,
      0.4200170438367057
    ],
    "rotation": [
      [
        0.9990526968120931,
        -0.03418075366964714,
        -0.026932973676494557
      ],
      [
        0.033404602347304045,
        0.9990280452619096,
        -0.02875929975132062
      ],
      [
        0.027889810585630257,
        0.027832370699290516,
        0.9992234572940902
      ]
    ],
    "fy": 668.155076089281,
    "fx": 668.1550760892809
  },
  {
    "id": 35,
    "img_name": "camera_0001",
    "width": 2560,
    "height": 1920,
    "position": [
      0.006549719716200617,
      0.0014839839364996026,
      0.4200170438367057
    ],
    "rotation": [
      [
        0.9990526968120931,
        -0.03418075366964714,
        -0.026932973676494557
      ],
      [
        0.033404602347304045,
        0.9990280452619096,
        -0.02875929975132062
      ],
      [
        0.027889810585630257,
        0.027832370699290516,
        0.9992234572940902
      ]
    ],
    "fy": 668.155076089281,
    "fx": 668.1550760892809
  },
  {
    "id": 36,
    "img_name": "camera_0001",
    "width": 2560,
    "height": 1920,
    "position": [
      0.006549719716200617,
      0.0014839839364996026,
      0.4200170438367057
    ],
    "rotation": [
      [
        0.9990526968120931,
        -0.03418075366964714,
        -0.026932973676494557
      ],
      [
        0.033404602347304045,
        0.9990280452619096,
        -0.02875929975132062
      ],
      [
        0.027889810585630257,
        0.027832370699290516,
        0.9992234572940902
      ]
    ],
    "fy": 668.155076089281,
    "fx": 668.1550760892809
  },
  {
    "id": 37,
    "img_name": "camera_0001",
    "width": 2560,
    "height": 1920,
    "position": [
      0.006549719716200617,
      0.0014839839364996026,
      0.4200170438367057
    ],
    "rotation": [
      [
        0.9990526968120931,
        -0.03418075366964714,
        -0.026932973676494557
      ],
      [
        0.033404602347304045,
        0.9990280452619096,
        -0.02875929975132062
      ],
      [
        0.027889810585630257,
        0.027832370699290516,
        0.9992234572940902
      ]
    ],
    "fy": 668.155076089281,
    "fx": 668.1550760892809
  },
  {
    "id": 38,
    "img_name": "camera_0001",
    "width": 2560,
    "height": 1920,
    "position": [
      0.006549719716200617,
      0.0014839839364996026,
      0.4200170438367057
    ],
    "rotation": [
      [
        0.9990526968120931,
        -0.03418075366964714,
        -0.026932973676494557
      ],
      [
        0.033404602347304045,
        0.9990280452619096,
        -0.02875929975132062
      ],
      [
        0.027889810585630257,
        0.027832370699290516,
        0.9992234572940902
      ]
    ],
    "fy": 668.155076089281,
    "fx": 668.1550760892809
  },
  {
    "id": 39,
    "img_name": "camera_0001",
    "width": 2560,
    "height": 1920,
    "position": [
      0.006549719716200617,
      0.0014839839364996026,
      0.4200170438367057
    ],
    "rotation": [
      [
        0.9990526968120931,
        -0.03418075366964714,
        -0.026932973676494557
      ],
      [
        0.033404602347304045,
        0.9990280452619096,
        -0.02875929975132062
      ],
      [
        0.027889810585630257,
        0.027832370699290516,
        0.9992234572940902
      ]
    ],
    "fy": 668.155076089281,
    "fx": 668.1550760892809
  },
  {
    "id": 40,
    "img_name": "camera_0001",
    "width": 2560,
    "height": 1920,
    "position": [
      0.006549719716200617,
      0.0014839839364996026,
      0.4200170438367057
    ],
    "rotation": [
      [
        0.9990526968120931,
        -0.03418075366964714,
        -0.026932973676494557
      ],
      [
        0.033404602347304045,
        0.9990280452619096,
        -0.02875929975132062
      ],
      [
        0.027889810585630257,
        0.027832370699290516,
        0.9992234572940902
      ]
    ],
    "fy": 668.155076089281,
    "fx": 668.1550760892809
  },
  {
    "id": 41,
    "img_name": "camera_0001",
    "width": 2560,
    "height": 1920,
    "position": [
      0.006549719716200617,
      0.0014839839364996026,
      0.4200170438367057
    ],
    "rotation": [
      [
        0.9990526968120931,
        -0.03418075366964714,
        -0.026932973676494557
      ],
      [
        0.033404602347304045,
        0.9990280452619096,
        -0.02875929975132062
      ],
      [
        0.027889810585630257,
        0.027832370699290516,
        0.9992234572940902
      ]
    ],
    "fy": 668.155076089281,
    "fx": 668.1550760892809
  },
  {
    "id": 42,
    "img_name": "camera_0001",
    "width": 2560,
    "height": 1920,
    "position": [
      0.006549719716200617,
      0.0014839839364996026,
      0.4200170438367057
    ],
    "rotation": [
      [
        0.9990526968120931,
        -0.03418075366964714,
        -0.026932973676494557
      ],
      [
        0.033404602347304045,
        0.9990280452619096,
        -0.02875929975132062
      ],
      [
        0.027889810585630257,
        0.027832370699290516,
        0.9992234572940902
      ]
    ],
    "fy": 668.155076089281,
    "fx": 668.1550760892809
  },
  {
    "id": 43,
    "img_name": "camera_0001",
    "width": 2560,
    "height": 1920,
    "position": [
      0.006549719716200617,
      0.0014839839364996026,
      0.4200170438367057
    ],
    "rotation": [
      [
        0.9990526968120931,
        -0.03418075366964714,
        -0.026932973676494557
      ],
      [
        0.033404602347304045,
        0.9990280452619096,
        -0.02875929975132062
      ],
      [
        0.027889810585630257,
        0.027832370699290516,
        0.9992234572940902
      ]
    ],
    "fy": 668.155076089281,
    "fx": 668.1550760892809
  },
  {
    "id": 44,
    "img_name": "camera_0001",
    "width": 2560,
    "height": 1920,
    "position": [
      0.006549719716200617,
      0.0014839839364996026,
      0.4200170438367057
    ],
    "rotation": [
      [
        0.9990526968120931,
        -0.03418075366964714,
        -0.026932973676494557
      ],
      [
        0.033404602347304045,
        0.9990280452619096,
        -0.02875929975132062
      ],
      [
        0.027889810585630257,
        0.027832370699290516,
        0.9992234572940902
      ]
    ],
    "fy": 668.155076089281,
    "fx": 668.1550760892809
  },
  {
    "id": 45,
    "img_name": "camera_0001",
    "width": 2560,
    "height": 1920,
    "position": [
      0.006549719716200617,
      0.0014839839364996026,
      0.4200170438367057
    ],
    "rotation": [
      [
        0.9990526968120931,
        -0.03418075366964714,
        -0.026932973676494557
      ],
      [
        0.033404602347304045,
        0.9990280452619096,
        -0.02875929975132062
      ],
      [
        0.027889810585630257,
        0.027832370699290516,
        0.9992234572940902
      ]
    ],
    "fy": 668.155076089281,
    "fx": 668.1550760892809
  },
  {
    "id": 46,
    "img_name": "camera_0001",
    "width": 2560,
    "height": 1920,
    "position": [
      0.006549719716200617,
      0.0014839839364996026,
      0.4200170438367057
    ],
    "rotation": [
      [
        0.9990526968120931,
        -0.03418075366964714,
        -0.026932973676494557
      ],
      [
        0.033404602347304045,
        0.9990280452619096,
        -0.02875929975132062
      ],
      [
        0.027889810585630257,
        0.027832370699290516,
        0.9992234572940902
      ]
    ],
    "fy": 668.155076089281,
    "fx": 668.1550760892809
  },
  {
    "id": 47,
    "img_name": "camera_0001",
    "width": 2560,
    "height": 1920,
    "position": [
      0.006549719716200617,
      0.0014839839364996026,
      0.4200170438367057
    ],
    "rotation": [
      [
        0.9990526968120931,
        -0.03418075366964714,
        -0.026932973676494557
      ],
      [
        0.033404602347304045,
        0.9990280452619096,
        -0.02875929975132062
      ],
      [
        0.027889810585630257,
        0.027832370699290516,
        0.9992234572940902
      ]
    ],
    "fy": 668.155076089281,
    "fx": 668.1550760892809
  },
  {
    "id": 48,
    "img_name": "camera_0001",
    "width": 2560,
    "height": 1920,
    "position": [
      0.006549719716200617,
      0.0014839839364996026,
      0.4200170438367057
    ],
    "rotation": [
      [
        0.9990526968120931,
        -0.03418075366964714,
        -0.026932973676494557
      ],
      [
        0.033404602347304045,
        0.9990280452619096,
        -0.02875929975132062
      ],
      [
        0.027889810585630257,
        0.027832370699290516,
        0.9992234572940902
      ]
    ],
    "fy": 668.155076089281,
    "fx": 668.1550760892809
  },
  {
    "id": 49,
    "img_name": "camera_0001",
    "width": 2560,
    "height": 1920,
    "position": [
      0.006549719716200617,
      0.0014839839364996026,
      0.4200170438367057
    ],
    "rotation": [
      [
        0.9990526968120931,
        -0.03418075366964714,
        -0.026932973676494557
      ],
      [
        0.033404602347304045,
        0.9990280452619096,
        -0.02875929975132062
      ],
      [
        0.027889810585630257,
        0.027832370699290516,
        0.9992234572940902
      ]
    ],
    "fy": 668.155076089281,
    "fx": 668.1550760892809
  },
  {
    "id": 50,
    "img_name": "camera_0001",
    "width": 2560,
    "height": 1920,
    "position": [
      0.006549719716200617,
      0.0014839839364996026,
      0.4200170438367057
    ],
    "rotation": [
      [
        0.9990526968120931,
        -0.03418075366964714,
        -0.026932973676494557
      ],
      [
        0.033404602347304045,
        0.9990280452619096,
        -0.02875929975132062
      ],
      [
        0.027889810585630257,
        0.027832370699290516,
        0.9992234572940902
      ]
    ],
    "fy": 668.155076089281,
    "fx": 668.1550760892809
  },
  {
    "id": 51,
    "img_name": "camera_0001",
    "width": 2560,
    "height": 1920,
    "position": [
      0.006549719716200617,
      0.0014839839364996026,
      0.4200170438367057
    ],
    "rotation": [
      [
        0.9990526968120931,
        -0.03418075366964714,
        -0.026932973676494557
      ],
      [
        0.033404602347304045,
        0.9990280452619096,
        -0.02875929975132062
      ],
      [
        0.027889810585630257,
        0.027832370699290516,
        0.9992234572940902
      ]
    ],
    "fy": 668.155076089281,
    "fx": 668.1550760892809
  },
  {
    "id": 52,
    "img_name": "camera_0001",
    "width": 2560,
    "height": 1920,
    "position": [
      0.006549719716200617,
      0.0014839839364996026,
      0.4200170438367057
    ],
    "rotation": [
      [
        0.9990526968120931,
        -0.03418075366964714,
        -0.026932973676494557
      ],
      [
        0.033404602347304045,
        0.9990280452619096,
        -0.02875929975132062
      ],
      [
        0.027889810585630257,
        0.027832370699290516,
        0.9992234572940902
      ]
    ],
    "fy": 668.155076089281,
    "fx": 668.1550760892809
  },
  {
    "id": 53,
    "img_name": "camera_0001",
    "width": 2560,
    "height": 1920,
    "position": [
      0.006549719716200617,
      0.0014839839364996026,
      0.4200170438367057
    ],
    "rotation": [
      [
        0.9990526968120931,
        -0.03418075366964714,
        -0.026932973676494557
      ],
      [
        0.033404602347304045,
        0.9990280452619096,
        -0.02875929975132062
      ],
      [
        0.027889810585630257,
        0.027832370699290516,
        0.9992234572940902
      ]
    ],
    "fy": 668.155076089281,
    "fx": 668.1550760892809
  },
  {
    "id": 54,
    "img_name": "camera_0002",
    "width": 2560,
    "height": 1920,
    "position": [
      0.004147962795649675,
      0.15278852357726408,
      0.39458864193483384
    ],
    "rotation": [
      [
        0.9998543080815421,
        -0.016758348860996756,
        -0.0032435095550965294
      ],
      [
        0.017014170822767186,
        0.9631979896498524,
        0.268253892284337
      ],
      [
        -0.0013713504273421015,
        -0.26826999548577196,
        0.963342788897114
      ]
    ],
    "fy": 666.776275272101,
    "fx": 666.7762752721009
  },
  {
    "id": 55,
    "img_name": "camera_0002",
    "width": 2560,
    "height": 1920,
    "position": [
      0.004147962795649675,
      0.15278852357726408,
      0.39458864193483384
    ],
    "rotation": [
      [
        0.9998543080815421,
        -0.016758348860996756,
        -0.0032435095550965294
      ],
      [
        0.017014170822767186,
        0.9631979896498524,
        0.268253892284337
      ],
      [
        -0.0013713504273421015,
        -0.26826999548577196,
        0.963342788897114
      ]
    ],
    "fy": 666.776275272101,
    "fx": 666.7762752721009
  },
  {
    "id": 56,
    "img_name": "camera_0002",
    "width": 2560,
    "height": 1920,
    "position": [
      0.004147962795649675,
      0.15278852357726408,
      0.39458864193483384
    ],
    "rotation": [
      [
        0.9998543080815421,
        -0.016758348860996756,
        -0.0032435095550965294
      ],
      [
        0.017014170822767186,
        0.9631979896498524,
        0.268253892284337
      ],
      [
        -0.0013713504273421015,
        -0.26826999548577196,
        0.963342788897114
      ]
    ],
    "fy": 666.776275272101,
    "fx": 666.7762752721009
  },
  {
    "id": 57,
    "img_name": "camera_0002",
    "width": 2560,
    "height": 1920,
    "position": [
      0.004147962795649675,
      0.15278852357726408,
      0.39458864193483384
    ],
    "rotation": [
      [
        0.9998543080815421,
        -0.016758348860996756,
        -0.0032435095550965294
      ],
      [
        0.017014170822767186,
        0.9631979896498524,
        0.268253892284337
      ],
      [
        -0.0013713504273421015,
        -0.26826999548577196,
        0.963342788897114
      ]
    ],
    "fy": 666.776275272101,
    "fx": 666.7762752721009
  },
  {
    "id": 58,
    "img_name": "camera_0002",
    "width": 2560,
    "height": 1920,
    "position": [
      0.004147962795649675,
      0.15278852357726408,
      0.39458864193483384
    ],
    "rotation": [
      [
        0.9998543080815421,
        -0.016758348860996756,
        -0.0032435095550965294
      ],
      [
        0.017014170822767186,
        0.9631979896498524,
        0.268253892284337
      ],
      [
        -0.0013713504273421015,
        -0.26826999548577196,
        0.963342788897114
      ]
    ],
    "fy": 666.776275272101,
    "fx": 666.7762752721009
  },
  {
    "id": 59,
    "img_name": "camera_0002",
    "width": 2560,
    "height": 1920,
    "position": [
      0.004147962795649675,
      0.15278852357726408,
      0.39458864193483384
    ],
    "rotation": [
      [
        0.9998543080815421,
        -0.016758348860996756,
        -0.0032435095550965294
      ],
      [
        0.017014170822767186,
        0.9631979896498524,
        0.268253892284337
      ],
      [
        -0.0013713504273421015,
        -0.26826999548577196,
        0.963342788897114
      ]
    ],
    "fy": 666.776275272101,
    "fx": 666.7762752721009
  },
  {
    "id": 60,
    "img_name": "camera_0002",
    "width": 2560,
    "height": 1920,
    "position": [
      0.004147962795649675,
      0.15278852357726408,
      0.39458864193483384
    ],
    "rotation": [
      [
        0.9998543080815421,
        -0.016758348860996756,
        -0.0032435095550965294
      ],
      [
        0.017014170822767186,
        0.9631979896498524,
        0.268253892284337
      ],
      [
        -0.0013713504273421015,
        -0.26826999548577196,
        0.963342788897114
      ]
    ],
    "fy": 666.776275272101,
    "fx": 666.7762752721009
  },
  {
    "id": 61,
    "img_name": "camera_0002",
    "width": 2560,
    "height": 1920,
    "position": [
      0.004147962795649675,
      0.15278852357726408,
      0.39458864193483384
    ],
    "rotation": [
      [
        0.9998543080815421,
        -0.016758348860996756,
        -0.0032435095550965294
      ],
      [
        0.017014170822767186,
        0.9631979896498524,
        0.268253892284337
      ],
      [
        -0.0013713504273421015,
        -0.26826999548577196,
        0.963342788897114
      ]
    ],
    "fy": 666.776275272101,
    "fx": 666.7762752721009
  },
  {
    "id": 62,
    "img_name": "camera_0002",
    "width": 2560,
    "height": 1920,
    "position": [
      0.004147962795649675,
      0.15278852357726408,
      0.39458864193483384
    ],
    "rotation": [
      [
        0.9998543080815421,
        -0.016758348860996756,
        -0.0032435095550965294
      ],
      [
        0.017014170822767186,
        0.9631979896498524,
        0.268253892284337
      ],
      [
        -0.0013713504273421015,
        -0.26826999548577196,
        0.963342788897114
      ]
    ],
    "fy": 666.776275272101,
    "fx": 666.7762752721009
  },
  {
    "id": 63,
    "img_name": "camera_0002",
    "width": 2560,
    "height": 1920,
    "position": [
      0.004147962795649675,
      0.15278852357726408,
      0.39458864193483384
    ],
    "rotation": [
      [
        0.9998543080815421,
        -0.016758348860996756,
        -0.0032435095550965294
      ],
      [
        0.017014170822767186,
        0.9631979896498524,
        0.268253892284337
      ],
      [
        -0.0013713504273421015,
        -0.26826999548577196,
        0.963342788897114
      ]
    ],
    "fy": 666.776275272101,
    "fx": 666.7762752721009
  },
  {
    "id": 64,
    "img_name": "camera_0002",
    "width": 2560,
    "height": 1920,
    "position": [
      0.004147962795649675,
      0.15278852357726408,
      0.39458864193483384
    ],
    "rotation": [
      [
        0.9998543080815421,
        -0.016758348860996756,
        -0.0032435095550965294
      ],
      [
        0.017014170822767186,
        0.9631979896498524,
        0.268253892284337
      ],
      [
        -0.0013713504273421015,
        -0.26826999548577196,
        0.963342788897114
      ]
    ],
    "fy": 666.776275272101,
    "fx": 666.7762752721009
  },
  {
    "id": 65,
    "img_name": "camera_0002",
    "width": 2560,
    "height": 1920,
    "position": [
      0.004147962795649675,
      0.15278852357726408,
      0.39458864193483384
    ],
    "rotation": [
      [
        0.9998543080815421,
        -0.016758348860996756,
        -0.0032435095550965294
      ],
      [
        0.017014170822767186,
        0.9631979896498524,
        0.268253892284337
      ],
      [
        -0.0013713504273421015,
        -0.26826999548577196,
        0.963342788897114
      ]
    ],
    "fy": 666.776275272101,
    "fx": 666.7762752721009
  },
  {
    "id": 66,
    "img_name": "camera_0002",
    "width": 2560,
    "height": 1920,
    "position": [
      0.004147962795649675,
      0.15278852357726408,
      0.39458864193483384
    ],
    "rotation": [
      [
        0.9998543080815421,
        -0.016758348860996756,
        -0.0032435095550965294
      ],
      [
        0.017014170822767186,
        0.9631979896498524,
        0.268253892284337
      ],
      [
        -0.0013713504273421015,
        -0.26826999548577196,
        0.963342788897114
      ]
    ],
    "fy": 666.776275272101,
    "fx": 666.7762752721009
  },
  {
    "id": 67,
    "img_name": "camera_0002",
    "width": 2560,
    "height": 1920,
    "position": [
      0.004147962795649675,
      0.15278852357726408,
      0.39458864193483384
    ],
    "rotation": [
      [
        0.9998543080815421,
        -0.016758348860996756,
